上游控制站1    上有控制站2
2.722486289	4.466128516
2.721431673	4.464663465
2.720377057	4.463198415
2.719322441	4.461733364
2.718267824	4.460268313
2.717213208	4.458803262
2.716158592	4.457338212
2.715103976	4.455873161
2.71404936	4.45440811
2.712994744	4.45294306
2.711940128	4.451478009
2.710885512	4.450012958
2.709830896	4.448547908
2.70877628	4.447082857
2.707721664	4.445617806
2.706667048	4.444152756
2.705612431	4.442687705
2.704557815	4.441222654
2.703503199	4.439757603
2.702448583	4.438292553
2.701393967	4.436827502
2.700339351	4.435362451
2.699284735	4.433897401
2.698230119	4.43243235
2.697175503	4.430967299
2.696120887	4.429502249
2.695066271	4.428037198
2.694011654	4.426572147
2.692957038	4.425107097
2.691902422	4.423642046
2.690847806	4.422176995
2.68979319	4.420711945
2.688738574	4.419246894
2.687683958	4.417781843
2.686629342	4.416316792
2.685574726	4.414851742
2.68452011	4.413386691
2.683465494	4.41192164
2.682410878	4.41045659
2.681356261	4.408991539
2.680301645	4.407526488
2.679247029	4.406061438
2.678192413	4.404596387
2.677137797	4.403131336
2.676083181	4.401666286
2.675028565	4.400201235
2.673973949	4.398736184
2.672919333	4.397271133
2.671864717	4.395806083
2.670810101	4.394341032
2.669755484	4.392875981
2.668700868	4.391410931
2.667646252	4.38994588
2.666591636	4.388480829
2.66553702	4.387015779
2.664482404	4.385550728
2.663427788	4.384085677
2.662373172	4.382620627
2.661318556	4.381155576
2.66026394	4.379690525
2.659209324	4.378225475
2.658154707	4.376760424
2.657100091	4.375295373
2.656045475	4.373830322
2.654990859	4.372365272
2.653936243	4.370900221
2.652881627	4.36943517
2.651827011	4.36797012
2.650772395	4.366505069
2.649717779	4.365040018
2.648663163	4.363574968
2.647608547	4.362109917
2.646553931	4.360644866
2.645499314	4.359179816
2.644444698	4.357714765
2.643390082	4.356249714
2.642335466	4.354784663
2.64128085	4.353319613
2.640226234	4.351854562
2.639171618	4.350389511
2.638117002	4.348924461
2.637062386	4.34745941
2.63600777	4.345994359
2.634953154	4.344529309
2.633898537	4.343064258
2.632843921	4.341599207
2.631789305	4.340134157
2.630734689	4.338669106
2.629680073	4.337204055
2.628625457	4.335739004
2.627570841	4.334273954
2.626516225	4.332808903
2.625461609	4.331343852
2.624406993	4.329878802
2.623352377	4.328413751
2.622297761	4.3269487
2.621243144	4.32548365
2.620188528	4.324018599
2.619133912	4.322553548
2.618079296	4.321088498
2.61702468	4.319623447
2.615970064	4.318158396
2.614915448	4.316693346
2.613860832	4.315228295
2.612806216	4.313763244
2.6117516	4.312298193
2.610696984	4.310833143
2.609642367	4.309368092
2.608587751	4.307903041
2.607533135	4.306437991
2.606478519	4.30497294
2.605423903	4.303507889
2.604369287	4.302042839
2.603314671	4.300577788
2.602260055	4.299112737
2.601205439	4.297647687
2.600150823	4.296182636
2.599096207	4.294717585
2.59804159	4.293252534
2.596986974	4.291787484
2.595932358	4.290322433
2.594877742	4.288857382
2.593823126	4.287392332
2.59276851	4.285927281
2.591713894	4.28446223
2.590659278	4.28299718
2.589604662	4.281532129
2.588550046	4.280067078
2.58749543	4.278602028
2.586440814	4.277136977
2.585386197	4.275671926
2.584331581	4.274206876
2.583276965	4.272741825
2.582222349	4.271276774
2.581167733	4.269811723
2.580113117	4.268346673
2.579058501	4.266881622
2.578003885	4.265416571
2.576949269	4.263951521
2.575894653	4.26248647
2.574840037	4.261021419
2.57378542	4.259556369
2.572730804	4.258091318
2.571676188	4.256626267
2.570621572	4.255161217
2.569566956	4.253696166
2.56851234	4.252231115
2.567457724	4.250766064
2.566403108	4.249301014
2.565348492	4.247835963
2.564293876	4.246370912
2.56323926	4.244905862
2.562184644	4.243440811
2.561130027	4.24197576
2.560075411	4.24051071
2.559020795	4.239045659
2.557966179	4.237580608
2.556911563	4.236115558
2.555856947	4.234650507
2.554802331	4.233185456
2.553747715	4.231720406
2.552693099	4.230255355
2.551638483	4.228790304
2.550583867	4.227325253
2.54952925	4.225860203
2.548474634	4.224395152
2.547420018	4.222930101
2.546365402	4.221465051
2.545310786	4.22
2.54425617	4.22
2.543201554	4.22
2.542146938	4.22
2.541092322	4.22
2.540037706	4.22
2.53898309	4.22
2.537928473	4.22
2.536873857	4.22
2.535819241	4.405
2.534764625	4.59
2.533710009	4.775
2.532655393	4.96
2.531600777	5.145
2.530546161	5.33
2.529491545	5.515
2.528436929	5.7
2.527382313	5.885
2.526327697	6.07
2.52527308	6.255
2.524218464	6.44
2.523163848	6.625
2.522109232	6.81
2.521054616	6.995
2.52	7.18
2.763333333	7.7275
3.006666667	8.275
3.25	8.8225
3.493333333	9.37
3.736666667	10.185
3.98	11
4.223333333	12.58181818
4.466666667	14.04
4.71	15.18181818
4.953333333	16.92727273
5.196666667	18.67272727
5.44	20.41818182
6.003333333	22.16363636
6.566666667	23.90909091
7.13	25.65454545
7.693333333	27.4
8.256666667	29.625
8.82	31.85
9.383333333	34.075
9.946666667	36.3
10.51	38.525
11.07333333	40.75
11.63666667	42.975
12.2	45.2
13.26666667	47.43333333
14.33333333	49.66666667
15.4	51.9
16.46666667	54.13333333
17.53333333	56.36666667
18.6	58.6
21.525	62.8
24.45	67
27.375	70.3
30.3	72.7
34.6	75.1
38.9	77.5
40.85	84.22222222
42.8	90.94444444
44.75	97.66666667
46.7	104.3888889
54.05	111.1111111
61.4	117.8333333
64.68333333	124.5555556
67.96666667	131.2777778
71.25	138
74.53333333	146.6666667
77.81666667	155.3333333
81.1	164
83.25	177
85.4	190
87.55	203
89.7	216
90.4	221.5
91.1	227
93.25	236.5555556
95.4	246.1111111
96.1	255.6666667
96.8	265.2222222
97.5	275.2727273
98.2	285.8181818
100.8	296.3636364
103.4	306.9090909
106	317.4545455
108.6	328
111.2	340.75
113.8	353.5
116.4	366.25
119	379
123.75	396
128.5	404
133.25	412
138	420
143.5	425
149	430
154.5	441.7777778
160	453.5555556
161.75	465.3333333
163.5	477.1111111
165.25	485.3333333
167	490
168.75	490
170.5	490
172.25	490
174	490
174	493
174	496
174	505.3333333
174	514.6666667
174	524
174	524
174	524
174	524
174	514.5714286
174	490
173	479.5
172	469
170.8333333	463.75
169.6666667	458.5
168.5	453.25
167.3333333	448
166.1666667	442.75
165	437.5
163.3333333	432.25
161.6666667	427
160	421.75
158.3333333	416.5
156.6666667	411.25
155	406
153.3333333	400.375
151.6666667	394.75
150	389.125
148.3333333	383.5
146.6666667	377.875
145	372.25
143.8333333	366.625
142.6666667	361
141.5	356.5
140.3333333	352
139.1666667	347.5
138	343
136.8333333	339.0377358
135.6666667	335.0754717
134.5	331.1132075
133.3333333	327.1509434
132.1666667	323.1886792
131	319.2264151
129.8333333	315.2641509
128.6666667	311.3018868
127.5	307.5714286
126.3333333	305
125.1666667	301.875
124	298.75
123.5833333	295.625
123.1666667	292.5
122.75	289.375
122.3333333	286.25
121.9166667	283.125
121.5	280
121.0833333	279.6666667
120.6666667	279.3333333
120.25	279
119.8333333	278.6666667
119.4166667	278.3333333
119	278
119	276.1666667
119	274.3333333
119	272.5
119	270.6666667
119	268.8333333
119	267
118.6666667	265.1666667
118.3333333	263.3333333
118	261.5
117.6666667	259.6666667
117.3333333	257.8333333
117	256
116.6666667	255.1666667
116.3333333	254.3333333
116	253.5
115.6666667	252.6666667
115.3333333	251.8333333
115	251
114.6666667	251
114.3333333	251
114	251
113.6666667	251
113.3333333	251
113	251
112.6666667	249.5416667
112.3333333	248.0833333
112	246.625
111.6666667	245.1666667
111.3333333	243.7083333
111	242.25
110.8333333	240.7916667
110.6666667	239.3333333
110.5	237.875
110.3333333	236.4166667
110.1666667	234.9583333
110	233.5
109.25	232.0416667
108.5	230.5833333
107.75	229.125
107	227.6666667
106.25	226.2083333
105.5	224.75
104.75	223.2916667
104	221.8333333
103.25	220.375
102.5	218.9166667
101.75	217.4583333
101	216
100.2916667	215.3333333
99.58333333	214.6666667
98.875	214
98.16666667	213.3333333
97.45833333	212.6666667
96.75	212
96.04166667	211.3333333
95.33333333	210.6666667
94.625	210
93.91666667	209.3333333
93.20833333	208.6666667
92.5	208
91.79166667	206.4166667
91.08333333	204.8333333
90.375	203.25
89.66666667	201.6666667
88.95833333	200.0833333
88.25	198.5
87.54166667	196.9166667
86.83333333	195.3333333
86.125	193.75
85.41666667	192.1666667
84.70833333	190.5833333
84	189
83.40833333	187.7083333
82.81666667	186.4166667
82.225	185.125
81.63333333	183.8333333
81.04166667	182.5416667
80.45	181.25
79.85833333	179.9583333
79.26666667	178.6666667
78.675	177.375
78.08333333	176.0833333
77.49166667	174.7916667
76.9	173.5
76.30833333	172.2083333
75.71666667	170.9166667
75.125	169.625
74.53333333	168.3333333
73.94166667	167.0416667
73.35	165.75
72.75833333	164.4583333
72.16666667	163.1666667
71.575	161.875
70.98333333	160.5833333
70.39166667	159.2916667
69.8	158
69.39583333	157.1666667
68.99166667	156.3333333
68.5875	155.5
68.18333333	154.6666667
67.77916667	153.8333333
67.375	153
66.97083333	152.1666667
66.56666667	151.3333333
66.1625	150.5
65.75833333	149.6666667
65.35416667	148.8333333
64.95	148
64.54583333	147.1666667
64.14166667	146.3333333
63.7375	145.5
63.33333333	144.6666667
62.92916667	143.8333333
62.525	143
62.12083333	142.1666667
61.71666667	141.3333333
61.3125	140.5
60.90833333	139.6666667
60.50416667	138.8333333
60.1	138
59.7875	137.375
59.475	136.75
59.1625	136.125
58.85	135.5
58.5375	134.875
58.225	134.25
57.9125	133.625
57.6	133
57.2875	132.375
56.975	131.75
56.6625	131.125
56.35	130.5
56.0375	129.875
55.725	129.25
55.4125	128.625
55.1	128
54.7875	127.375
54.475	126.75
54.1625	126.125
53.85	125.5
53.5375	124.875
53.225	124.25
52.9125	123.625
52.6	123
52.35416667	122.2083333
52.10833333	121.4166667
51.8625	120.625
51.61666667	119.8333333
51.37083333	119.0416667
51.125	118.25
50.87916667	117.4583333
50.63333333	116.6666667
50.3875	115.875
50.14166667	115.0833333
49.89583333	114.2916667
49.65	113.5
49.40416667	112.7083333
49.15833333	111.9166667
48.9125	111.125
48.66666667	110.3333333
48.42083333	109.5416667
48.175	108.75
47.92916667	107.9583333
47.68333333	107.1666667
47.4375	106.375
47.19166667	105.5833333
46.94583333	104.7916667
46.7	104
46.55	103.6666667
46.4	103.3333333
46.25	103
46.1	102.6666667
45.95	102.3333333
45.8	102
45.65	101.6666667
45.5	101.3333333
45.29375	101
45.0875	100.6666667
44.88125	100.3333333
44.675	100
44.46875	99.53333333
44.2625	99.06666667
44.05625	98.6
43.85	98.13333333
43.64375	97.66666667
43.4375	97.2
43.23125	96.73333333
43.025	96.26666667
42.81875	95.8
42.6125	95.33333333
42.40625	94.86666667
42.2	94.4
42.0625	93.92083333
41.925	93.44166667
41.7875	92.9625
41.65	92.48333333
41.5125	92.00416667
41.375	91.525
41.2375	91.04583333
41.1	90.56666667
40.9625	90.0875
40.825	89.60833333
40.6875	89.12916667
40.55	88.65
40.4125	88.17083333
40.275	87.69166667
40.1375	87.2125
40	86.73333333
39.8625	86.25416667
39.725	85.775
39.5875	85.29583333
39.45	84.81666667
39.3125	84.3375
39.175	83.85833333
39.0375	83.37916667
38.9	82.9
38.63333333	82.53333333
38.36666667	82.16666667
38.1	81.8
37.83333333	81.43333333
37.56666667	81.06666667
37.3	80.7
37.03333333	80.33333333
36.76666667	79.96666667
36.5	79.6
36.23333333	79.23333333
35.96666667	78.86666667
35.7	78.5
35.43333333	78.13333333
35.16666667	77.76666667
34.9	77.4
34.63333333	77.03333333
34.36666667	76.66666667
34.1	76.3
33.83333333	75.93333333
33.56666667	75.56666667
33.3	75.2
33.03333333	74.83333333
32.76666667	74.46666667
32.5	74.1
32.50058435	73.68333333
32.5011687	73.26666667
32.50175305	72.85
32.5023374	72.43333333
32.50292175	72.01666667
32.5035061	71.6
32.50409045	71.18333333
32.5046748	70.76666667
32.50525915	70.35
32.5058435	69.93333333
32.50642785	69.51666667
32.5070122	69.1
32.50759654	70.43333333
32.50818089	71.76666667
32.50876524	73.1
32.50934959	74.43333333
32.50993394	75.76666667
32.51051829	77.1
32.51110264	78.43333333
32.51168699	79.76666667
32.51227134	81.1
32.51285569	86.16666667
32.51344004	91.23333333
32.51402439	96.3
