 实测值 模拟值
   18.66000       25.84861    
   13.10000       24.15911    
   13.10000       23.54638    
   13.10000       22.87482    
   13.10000       22.42641    
   13.10000       22.77644    
   13.10000       24.12287    
   15.40000       30.45312    
   18.25000       52.61541    
   21.10000       104.6461    
   26.85000       180.6007    
   32.60000       264.0742    
   38.35000       347.6997    
   44.10000       413.4052    
   106.3300       448.5952    
   204.9200       449.9231    
   298.8800       423.8431    
   332.0000       381.2942    
   314.4300       332.3800    
   285.2900       284.0774    
   256.1400       240.3033    
   227.0000       202.7977    
   216.2000       171.9524    
   205.4000       147.3798    
   194.6000       128.2840    
   183.8000       113.7083    
   173.0000       102.6983    
   162.2000       94.39908    
   151.4000       88.09818    
   140.6000       83.23361    
   129.8000       80.54491    
   119.0000       80.31883    
   116.3900       80.39216    
   113.7800       79.10361    
   111.1700       75.94498    
   108.5600       73.32744    
   105.9400       71.97654    
   103.3300       71.96297    
   100.7200       72.85160    
   98.11000       73.89825    
   95.50000       74.49129    
   92.89000       73.92209    
   90.28000       71.73836    
   87.67000       68.60369    
   85.06000       65.05654    
   82.44000       61.51741    
   79.83000       58.24794    
   77.22000       55.35314    
   74.61000       53.04556    
   72.00000       51.37415    
   71.25000       49.67886    
   70.50000       47.74170    
   69.75000       46.06371    
   69.00000       44.79672    
   68.25000       46.28389    
   67.50000       53.93992    
   72.92000       60.50710    
   78.33000       59.56696    
   83.75000       56.61066    
   89.17000       53.67492    
   94.58000       53.85060    
   100.0000       59.71860    
   112.3300       76.11089    
   124.6700       103.0526    
   137.0000       132.4935    
   149.3300       153.4721    
   161.6700       160.8434    
   174.0000       156.7803    
   174.8100       148.2479    
   170.8200       144.7574    
   166.8400       150.5633    
   162.8600       161.1223    
   158.8800       167.7777    
   154.8900       165.5816    
   150.9100       155.2739    
   146.9300       140.3219    
   142.9500       124.1372    
   138.9700       108.9841    
   134.9800       95.97335    
   131.0000       85.41322    
   127.6700       77.15764    
   124.3300       70.85552    
   121.0000       66.10208    
   117.6700       62.51871    
   114.3300       59.78714    
   111.0000       57.65719    
   109.8300       55.94128    
   108.6700       54.50368    
   107.5000       53.24915    
   106.3300       52.11244    
   105.1700       51.05018    
   104.0000       50.03428    
   102.0900       49.04733    
   100.1800       48.07908    
   98.28000       47.12412    
   96.37000       46.18013    
   94.46000       45.24674    
   92.55000       44.32475    
   90.64000       43.41557    
   88.73000       42.52095    
   86.83000       41.64264    
   84.92000       41.78246    
   83.01000       42.43754    
   81.10000       41.83719    
   80.18000       41.63586    
   79.26000       41.52246    
   78.33000       42.30701    
   77.41000       45.69899    
   76.49000       48.87595    
   75.57000       48.41892    
   74.64000       47.21098    
   73.72000       45.86915    
   72.80000       45.18014    
   71.88000       45.64014    
   70.96000       46.68690    
   70.03000       46.83506    
   69.11000       46.40270    
   68.19000       45.36388    
   67.27000       43.88297    
   66.34000       42.18574    
   65.42000       40.47688    
   64.50000       38.87840    
   63.52000       37.43256    
   62.53000       36.13925    
   61.55000       34.98769    
   60.57000       33.96892    
   59.58000       33.07534    
   58.60000       32.29724    
   57.65000       31.62134    
   56.70000       31.03175    
   55.75000       30.51199    
   54.80000       30.04677    
   53.85000       29.62314    
   52.90000       29.23081    
   51.95000       28.86205    
   51.00000       28.51130    
   50.05000       28.17466    
   49.10000       27.84955    
   48.15000       27.53429    
   47.20000       27.22780    
   46.25000       26.92945    
   45.30000       26.63889    
   44.35000       26.35592    
   43.40000       26.08044    
   42.45000       25.81241    
   41.50000       25.55180    
   41.08000       25.29858    
   40.67000       25.05273    
   40.25000       24.81419    
   39.83000       24.58288    
   39.42000       24.35870    
   39.00000       24.14155    
   38.60000       23.93128    
   38.20000       23.72775    
   37.80000       23.53080    
   37.40000       23.34025    
   37.00000       23.15606    
   36.60000       22.97843    
   35.85000       22.80830    
   35.10000       22.64747    
   34.35000       22.49813    
   33.60000       22.36167    
   32.85000       22.23770    
   32.10000       22.12388    
   31.77000       22.01690    
   31.43000       21.91358    
   31.10000       21.81162    
   30.77000       21.70984    
   30.43000       21.60789    
   30.10000       21.50749    
