 地表产流 壤中流产流量 地下产流量
   0.00000   0.00000   0.00000
   0.00000   0.00019   0.00015
   0.00000   0.00019   0.00014
   0.00000   0.00018   0.00014
   0.01106   0.00022   0.00017
   0.00000   0.00022   0.00017
   0.00000   0.00021   0.00016
   0.00000   0.00021   0.00016
   0.00000   0.00021   0.00016
   0.00000   0.00020   0.00015
   0.00000   0.00020   0.00015
   0.00000   0.00020   0.00015
   0.00000   0.00019   0.00015
   0.00000   0.00019   0.00014
   0.00000   0.00019   0.00014
   0.00000   0.00018   0.00014
   0.00000   0.00018   0.00014
   0.00000   0.00018   0.00013
   0.00000   0.00017   0.00013
   0.00000   0.00017   0.00013
   0.00000   0.00017   0.00013
   0.00000   0.00017   0.00013
   0.00000   0.00016   0.00012
   0.00000   0.00016   0.00012
   0.00000   0.00016   0.00012
   0.00000   0.00015   0.00012
   0.00000   0.00015   0.00012
   0.00000   0.00015   0.00011
   0.00000   0.00015   0.00011
   0.00000   0.00014   0.00011
   0.00000   0.00014   0.00011
   0.00000   0.00014   0.00011
   0.00000   0.00014   0.00010
   0.00000   0.00014   0.00010
   0.00000   0.00013   0.00010
   0.00000   0.00013   0.00010
   0.00000   0.00013   0.00010
   0.00000   0.00013   0.00010
   0.00000   0.00012   0.00009
   0.00000   0.00012   0.00009
   0.00000   0.00012   0.00009
   0.00000   0.00012   0.00009
   0.00000   0.00012   0.00009
   0.00000   0.00011   0.00009
   0.00000   0.00011   0.00009
   0.00771   0.00014   0.00010
   0.00000   0.00014   0.00010
   0.00000   0.00013   0.00010
   0.00000   0.00013   0.00010
   0.00000   0.00013   0.00010
   0.00000   0.00013   0.00010
   0.00000   0.00012   0.00009
   0.67892   0.00254   0.00193
   0.15039   0.00304   0.00231
   0.09930   0.00335   0.00255
   0.18177   0.00396   0.00302
   0.17765   0.00455   0.00347
   0.00393   0.00449   0.00342
   0.01154   0.00446   0.00339
   0.00000   0.00438   0.00334
   0.00000   0.00431   0.00328
   0.00000   0.00424   0.00323
   0.00000   0.00417   0.00317
   0.00000   0.00410   0.00312
   0.00000   0.00403   0.00307
   0.00000   0.00396   0.00302
   0.00000   0.00389   0.00297
   0.00000   0.00383   0.00292
   0.00000   0.00376   0.00287
   0.00000   0.00370   0.00282
   0.00000   0.00364   0.00277
   0.00000   0.00358   0.00273
   0.00000   0.00352   0.00268
   0.00392   0.00347   0.00265
   0.00000   0.00342   0.00260
   0.00000   0.00336   0.00256
   0.00000   0.00330   0.00252
   0.00000   0.00325   0.00247
   0.00000   0.00319   0.00243
   0.00000   0.00314   0.00239
   0.00781   0.00312   0.00237
   0.00000   0.00306   0.00233
   0.00000   0.00301   0.00230
   0.00000   0.00296   0.00226
   0.00000   0.00291   0.00222
   0.00000   0.00286   0.00218
   0.00000   0.00282   0.00215
   0.00000   0.00277   0.00211
   0.00000   0.00272   0.00207
   0.00000   0.00268   0.00204
   0.00000   0.00263   0.00201
   0.00000   0.00259   0.00197
   0.00000   0.00255   0.00194
   0.00000   0.00250   0.00191
   0.00000   0.00246   0.00188
   0.00000   0.00242   0.00184
   0.00000   0.00238   0.00181
   0.00000   0.00234   0.00178
   0.00000   0.00230   0.00175
   0.00000   0.00226   0.00172
   0.00000   0.00222   0.00169
   0.00000   0.00219   0.00167
   0.00000   0.00215   0.00164
   0.00000   0.00211   0.00161
   0.00000   0.00208   0.00158
   0.00000   0.00204   0.00156
   0.00000   0.00201   0.00153
   0.00000   0.00198   0.00151
   0.00000   0.00194   0.00148
   0.00000   0.00191   0.00146
   0.00000   0.00188   0.00143
   0.00000   0.00185   0.00141
   0.00000   0.00182   0.00138
   0.00000   0.00179   0.00136
   0.00000   0.00176   0.00134
   0.00000   0.00173   0.00132
   0.00000   0.00170   0.00129
   0.00000   0.00167   0.00127
   0.00000   0.00164   0.00125
   0.00000   0.00161   0.00123
   0.00000   0.00159   0.00121
   0.00000   0.00156   0.00119
   0.00000   0.00153   0.00117
   0.00000   0.00151   0.00115
   0.00000   0.00148   0.00113
   0.00000   0.00146   0.00111
   0.07003   0.00170   0.00130
   0.07011   0.00194   0.00148
   0.08349   0.00223   0.00170
   0.04362   0.00236   0.00180
   0.05031   0.00251   0.00191
   0.06838   0.00274   0.00208
   0.02304   0.00278   0.00212
   0.00208   0.00274   0.00209
   0.00000   0.00269   0.00205
   0.00000   0.00265   0.00202
   0.00303   0.00262   0.00199
   0.00000   0.00257   0.00196
   0.00000   0.00253   0.00193
   0.00000   0.00249   0.00190
   0.00000   0.00245   0.00186
   0.00390   0.00242   0.00184
   0.00000   0.00238   0.00181
   0.00000   0.00234   0.00178
   0.00000   0.00230   0.00175
   0.00000   0.00226   0.00172
   0.00000   0.00222   0.00169
   0.00000   0.00219   0.00167
   0.00000   0.00215   0.00164
   0.00000   0.00211   0.00161
   0.00000   0.00208   0.00158
   0.00000   0.00204   0.00156
   0.00000   0.00201   0.00153
   0.00000   0.00198   0.00151
   0.00000   0.00194   0.00148
   0.00000   0.00191   0.00146
   0.00000   0.00188   0.00143
   0.00000   0.00185   0.00141
   0.00000   0.00182   0.00138
   0.00000   0.00179   0.00136
   0.00000   0.00176   0.00134
   0.00000   0.00173   0.00132
   0.00000   0.00170   0.00129
   0.00000   0.00167   0.00127
   0.00000   0.00164   0.00125
   0.00000   0.00161   0.00123
   0.00000   0.00159   0.00121
   0.00000   0.00156   0.00119
   0.00000   0.00153   0.00117
   0.00000   0.00151   0.00115
   0.00000   0.00148   0.00113
   0.03430   0.00159   0.00121
   0.04753   0.00175   0.00134
   0.02959   0.00184   0.00140
   0.16940   0.00247   0.00189
   0.47504   0.00432   0.00329
   1.04432   0.00853   0.00650
   1.32632   0.01397   0.01065
   0.66209   0.01653   0.01260
   0.52187   0.01853   0.01412
   0.14799   0.01887   0.01438
   0.09801   0.01899   0.01447
   0.09805   0.01910   0.01456
   0.12681   0.01935   0.01474
   0.15263   0.01971   0.01502
   0.64510   0.02231   0.01700
   1.07800   0.02689   0.02049
   1.62372   0.03411   0.02599
   1.38207   0.04006   0.03052
   0.92170   0.04374   0.03332
   0.17985   0.04387   0.03343
   0.19588   0.04409   0.03360
   0.09155   0.04381   0.03338
   0.07440   0.04344   0.03310
   0.08109   0.04312   0.03285
   0.49776   0.04491   0.03422
   0.33577   0.04587   0.03495
   0.22304   0.04624   0.03523
   0.10618   0.04602   0.03506
   0.11295   0.04584   0.03492
   0.10712   0.04563   0.03477
   0.06584   0.04522   0.03445
   0.07258   0.04485   0.03417
   0.49857   0.04678   0.03565
   0.69079   0.04974   0.03790
   0.55311   0.05191   0.03955
   0.74464   0.05510   0.04198
   0.87192   0.05895   0.04491
   0.43221   0.06034   0.04597
   0.71056   0.06325   0.04819
   0.75525   0.06638   0.05058
   0.36932   0.06733   0.05130
   0.42329   0.06858   0.05225
   0.37234   0.06954   0.05298
   0.44196   0.07089   0.05401
   0.49836   0.07257   0.05529
   0.42108   0.07378   0.05622
   0.43195   0.07506   0.05719
   0.54251   0.07698   0.05865
   0.50434   0.07865   0.05993
   0.60874   0.08094   0.06167
   0.64412   0.08340   0.06355
   0.72240   0.08631   0.06576
   0.52690   0.08801   0.06706
   0.64824   0.09044   0.06891
   0.34025   0.09098   0.06932
   0.35164   0.09161   0.06980
   0.59283   0.09372   0.07141
   1.08682   0.09883   0.07530
   1.05518   0.10365   0.07897
   1.70913   0.11244   0.08567
   2.51922   0.12577   0.09582
   1.09044   0.12995   0.09901
   0.97906   0.13360   0.10179
   2.14438   0.14425   0.10990
   2.35530   0.15572   0.11864
   1.39455   0.16112   0.12276
   2.09229   0.17082   0.13015
   2.37248   0.18187   0.13856
   2.73520   0.19479   0.14841
   0.24424   0.19279   0.14689
   0.00000   0.18957   0.14443
   0.00000   0.18640   0.14202
   0.00000   0.18328   0.13964
   0.03586   0.18044   0.13748
   0.03555   0.17766   0.13536
   0.19000   0.17597   0.13407
   0.00000   0.17302   0.13183
   0.32775   0.17242   0.13137
   0.11734   0.17038   0.12981
   0.03660   0.16779   0.12784
   0.00000   0.16498   0.12570
   0.00000   0.16222   0.12360
   0.00367   0.15954   0.12155
   0.51448   0.16089   0.12258
   2.79625   0.18002   0.13716
   0.74284   0.18241   0.13898
   1.06531   0.18748   0.14284
   1.64122   0.19683   0.14996
   0.33508   0.19610   0.14941
   0.56878   0.19723   0.15027
   0.56988   0.19841   0.15117
   0.07767   0.19571   0.14912
   0.85745   0.19938   0.15191
   1.12029   0.20515   0.15631
   0.18040   0.20321   0.15482
   0.17743   0.20129   0.15337
   0.12581   0.19900   0.15162
   0.00000   0.19567   0.14908
   0.00751   0.19246   0.14664
   0.00000   0.18924   0.14418
   0.00393   0.18611   0.14180
   0.00000   0.18300   0.13943
   0.24150   0.18223   0.13884
   0.00000   0.17918   0.13652
   0.00000   0.17618   0.13423
   0.00000   0.17323   0.13199
   0.00000   0.17034   0.12978
   0.00000   0.16749   0.12761
   0.00000   0.16468   0.12547
   0.00000   0.16193   0.12337
   0.00000   0.15922   0.12131
   0.00000   0.15655   0.11928
   0.00000   0.15393   0.11728
   0.00000   0.15136   0.11532
   0.00351   0.14887   0.11342
   0.00000   0.14638   0.11152
   0.00000   0.14393   0.10966
   0.00000   0.14152   0.10782
   0.00000   0.13915   0.10602
   0.00000   0.13682   0.10425
   0.00000   0.13453   0.10250
   0.00000   0.13228   0.10079
   0.00000   0.13007   0.09910
   0.00000   0.12789   0.09744
   0.00000   0.12575   0.09581
   0.00000   0.12365   0.09421
   0.00000   0.12158   0.09263
   0.00000   0.11955   0.09108
   0.00000   0.11755   0.08956
   0.00000   0.11558   0.08806
   0.00000   0.11364   0.08659
   0.00000   0.11174   0.08514
   0.00000   0.10987   0.08371
   0.00000   0.10803   0.08231
   0.00000   0.10623   0.08094
   0.00000   0.10445   0.07958
   0.00000   0.10270   0.07825
   0.00000   0.10098   0.07694
   0.00000   0.09929   0.07565
   0.00000   0.09763   0.07439
   0.00000   0.09600   0.07314
   0.00000   0.09439   0.07192
   0.00000   0.09281   0.07072
   0.00000   0.09126   0.06953
   0.00000   0.08973   0.06837
   0.00000   0.08823   0.06722
   0.00000   0.08676   0.06610
   0.00000   0.08530   0.06499
   0.00000   0.08388   0.06391
   0.00000   0.08247   0.06284
   0.00000   0.08109   0.06179
   0.00000   0.07974   0.06075
   0.00000   0.07840   0.05974
   0.00000   0.07709   0.05874
   0.00000   0.07580   0.05775
   0.02043   0.07488   0.05705
   0.00000   0.07362   0.05609
   0.00000   0.07239   0.05516
   0.00000   0.07118   0.05423
   1.56035   0.09595   0.07310
   2.80861   0.13675   0.10419
   0.09229   0.13526   0.10306
   0.09060   0.13431   0.10233
   0.00000   0.13206   0.10062
   0.00000   0.12985   0.09893
   0.06326   0.12862   0.09799
   0.03925   0.12706   0.09680
   0.00000   0.12493   0.09518
   0.07737   0.12402   0.09449
   0.12736   0.12391   0.09441
   0.12730   0.12380   0.09433
   0.00000   0.12173   0.09275
   0.00000   0.11970   0.09120
   0.00000   0.11769   0.08967
   0.00000   0.11572   0.08817
   0.00000   0.11379   0.08669
   0.00000   0.11188   0.08524
   0.00000   0.11001   0.08382
   0.00000   0.10817   0.08242
   0.00000   0.10636   0.08104
   0.00444   0.10466   0.07974
   0.00000   0.10290   0.07840
   0.23375   0.10517   0.08013
   1.27529   0.12468   0.09499
   0.16409   0.12528   0.09545
   0.07651   0.12445   0.09482
   0.41730   0.12927   0.09849
   0.69294   0.13850   0.10552
   0.13525   0.13841   0.10545
   0.00489   0.13617   0.10375
   0.00000   0.13389   0.10201
   0.00000   0.13165   0.10031
   0.00000   0.12945   0.09863
   0.06614   0.12842   0.09785
   0.07779   0.12762   0.09724
   0.02547   0.12593   0.09595
   0.00000   0.12383   0.09434
   0.00000   0.12176   0.09277
   0.00000   0.11972   0.09121
   0.00000   0.11772   0.08969
   0.00000   0.11575   0.08819
   0.00000   0.11381   0.08671
   0.00000   0.11190   0.08526
   0.00000   0.11003   0.08383
   0.00000   0.10819   0.08243
   0.00446   0.10646   0.08112
   0.00000   0.10468   0.07976
   0.00568   0.10304   0.07851
   0.00000   0.10132   0.07719
   0.00299   0.09968   0.07595
   0.00000   0.09801   0.07468
   0.00000   0.09637   0.07343
   0.00000   0.09476   0.07220
   0.00550   0.09328   0.07107
   0.00000   0.09172   0.06988
   0.00000   0.09019   0.06871
   0.00000   0.08868   0.06756
   0.00000   0.08720   0.06643
   0.00416   0.08582   0.06539
   0.00000   0.08439   0.06429
   0.00000   0.08297   0.06322
   0.00000   0.08159   0.06216
   0.00000   0.08022   0.06112
   0.00000   0.07888   0.06010
   0.00000   0.07756   0.05909
   0.05614   0.07746   0.05902
   0.19262   0.08027   0.06116
   0.12454   0.08158   0.06216
   0.00000   0.08021   0.06112
   0.00000   0.07887   0.06009
   0.01296   0.07783   0.05930
   0.00000   0.07653   0.05831
   0.00000   0.07525   0.05733
   0.00000   0.07399   0.05637
   0.00000   0.07275   0.05543
   0.00000   0.07154   0.05450
   0.00000   0.07034   0.05359
   0.00000   0.06916   0.05269
   0.00000   0.06800   0.05181
   0.00000   0.06687   0.05095
   0.00000   0.06575   0.05009
   0.00000   0.06465   0.04926
   0.21796   0.06850   0.05219
   0.02718   0.06797   0.05178
   0.00000   0.06683   0.05092
   0.00000   0.06571   0.05007
   0.00000   0.06461   0.04923
   0.00000   0.06353   0.04840
   0.00000   0.06247   0.04759
   0.00000   0.06142   0.04680
   0.00000   0.06039   0.04601
   0.00000   0.05938   0.04524
   0.00000   0.05839   0.04449
   0.00000   0.05741   0.04374
   0.00000   0.05645   0.04301
   0.00000   0.05551   0.04229
   0.00000   0.05458   0.04158
   0.00000   0.05367   0.04089
   0.00000   0.05277   0.04020
   0.00000   0.05189   0.03953
   0.00000   0.05102   0.03887
   0.00000   0.05016   0.03822
   0.00000   0.04932   0.03758
   0.00470   0.04861   0.03704
   0.00000   0.04780   0.03642
   0.00000   0.04700   0.03581
   0.00000   0.04621   0.03521
   0.02261   0.04600   0.03504
   0.00000   0.04523   0.03446
   0.00000   0.04447   0.03388
   0.00000   0.04373   0.03331
   0.00000   0.04299   0.03276
   0.00000   0.04227   0.03221
   0.00000   0.04157   0.03167
   0.00000   0.04087   0.03114
   0.00000   0.04019   0.03062
   0.00000   0.03951   0.03011
   0.00000   0.03885   0.02960
   0.00000   0.03820   0.02911
   0.00000   0.03756   0.02862
   0.00000   0.03694   0.02814
   0.00000   0.03632   0.02767
   0.00000   0.03571   0.02721
   0.00000   0.03511   0.02675
   0.00000   0.03453   0.02630
   0.00000   0.03395   0.02586
   0.00000   0.03338   0.02543
   0.00000   0.03282   0.02501
   0.00000   0.03227   0.02459
   0.00000   0.03173   0.02418
   0.00000   0.03120   0.02377
   0.02136   0.03123   0.02380
   0.02986   0.03148   0.02399
   0.70748   0.04880   0.03718
   0.24568   0.05398   0.04113
   0.37727   0.06215   0.04736
   0.00000   0.06111   0.04656
   0.00000   0.06009   0.04578
   0.00000   0.05909   0.04502
   0.00000   0.05810   0.04427
   0.00000   0.05713   0.04352
   0.00000   0.05617   0.04280
   0.00000   0.05523   0.04208
   0.00000   0.05431   0.04138
   0.00000   0.05340   0.04068
   0.00000   0.05250   0.04000
   0.00000   0.05163   0.03933
   0.00000   0.05076   0.03868
   0.00000   0.04991   0.03803
   0.00000   0.04908   0.03739
   0.00000   0.04826   0.03677
   0.00000   0.04745   0.03615
   0.00000   0.04665   0.03555
   0.00000   0.04587   0.03495
   0.00000   0.04511   0.03437
   0.00000   0.04435   0.03379
   0.00000   0.04361   0.03323
   0.00000   0.04288   0.03267
   0.00000   0.04216   0.03212
   0.00000   0.04146   0.03159
   0.00000   0.04076   0.03106
   0.00000   0.04008   0.03054
   0.00000   0.03941   0.03003
   0.00000   0.03875   0.02952
   0.00000   0.03810   0.02903
   0.00000   0.03747   0.02855
   0.00000   0.03684   0.02807
   0.00000   0.03622   0.02760
   0.00000   0.03562   0.02714
   0.00000   0.03502   0.02668
   0.00000   0.03443   0.02624
   0.00000   0.03386   0.02580
   0.00000   0.03329   0.02537
   0.00000   0.03273   0.02494
   0.00000   0.03219   0.02452
   0.00000   0.03165   0.02411
   0.00000   0.03112   0.02371
   0.00000   0.03060   0.02331
   0.00000   0.03009   0.02292
   0.00000   0.02958   0.02254
   0.00000   0.02909   0.02216
   0.00000   0.02860   0.02179
   0.00000   0.02812   0.02143
   0.00000   0.02765   0.02107
   0.00000   0.02719   0.02072
   0.00000   0.02673   0.02037
   0.00000   0.02629   0.02003
   0.00000   0.02585   0.01969
   0.00000   0.02541   0.01936
   0.00000   0.02499   0.01904
   0.00000   0.02457   0.01872
   0.00000   0.02416   0.01841
   0.00000   0.02376   0.01810
   0.00000   0.02336   0.01780
   0.00000   0.02297   0.01750
   0.00000   0.02258   0.01721
   0.00000   0.02221   0.01692
   0.00000   0.02183   0.01664
   0.00000   0.02147   0.01636
   0.00000   0.02111   0.01608
   0.00000   0.02076   0.01581
   0.00000   0.02041   0.01555
   0.00000   0.02007   0.01529
   0.00000   0.01973   0.01503
   0.00000   0.01940   0.01478
   0.00000   0.01908   0.01453
   0.00000   0.01876   0.01429
   0.00000   0.01844   0.01405
   0.00000   0.01814   0.01382
   0.00000   0.01783   0.01359
   0.00000   0.01753   0.01336
   0.00000   0.01724   0.01314
   0.00000   0.01695   0.01292
   0.00000   0.01667   0.01270
   0.00000   0.01639   0.01249
   0.00000   0.01611   0.01228
   0.00000   0.01585   0.01207
   0.00000   0.01558   0.01187
   0.00000   0.01532   0.01167
   0.00000   0.01506   0.01148
   0.00000   0.01481   0.01128
   0.00000   0.01456   0.01110
   0.00000   0.01432   0.01091
   0.00000   0.01408   0.01073
   0.00000   0.01384   0.01055
   0.00000   0.01361   0.01037
   0.00000   0.01339   0.01020
   0.00000   0.01316   0.01003
   0.00000   0.01294   0.00986
   0.00000   0.01272   0.00969
   0.00000   0.01251   0.00953
   0.00000   0.01230   0.00937
   0.00000   0.01210   0.00922
   0.00000   0.01189   0.00906
   0.00000   0.01169   0.00891
   0.00000   0.01150   0.00876
   0.00000   0.01131   0.00861
   0.00000   0.01112   0.00847
   0.00000   0.01093   0.00833
   0.00000   0.01075   0.00819
   0.00000   0.01057   0.00805
   0.00000   0.01039   0.00792
   0.00000   0.01022   0.00779
   0.00000   0.01005   0.00765
   0.00000   0.00988   0.00753
   0.00000   0.00971   0.00740
   0.00000   0.00955   0.00728
   0.00000   0.00939   0.00716
   0.00000   0.00923   0.00704
   0.00000   0.00908   0.00692
   0.00000   0.00893   0.00680
   0.00000   0.00878   0.00669
   0.00000   0.00863   0.00658
   0.00000   0.00849   0.00647
   0.00000   0.00835   0.00636
   0.00000   0.00821   0.00625
   0.00000   0.00807   0.00615
   0.00000   0.00793   0.00604
   0.00000   0.00780   0.00594
   0.09705   0.01036   0.00789
   2.91591   0.08240   0.06278
   1.17806   0.10586   0.08066
   0.15245   0.10760   0.08198
   0.36800   0.11412   0.08695
   0.31551   0.11916   0.09079
   0.00000   0.11716   0.08927
   0.00000   0.11520   0.08777
   0.00000   0.11328   0.08631
   0.00000   0.11138   0.08486
   0.00000   0.10952   0.08344
